KMeans
NMI: 0.49053398756487043
ARI: 0.36071587393805765
MiniBatchKMeans
NMI: 0.4400254584776586
ARI: 0.3231366603904038