KMeans
NMI: 0.49075478024756075
ARI: 0.3607360040554209
ACC: 0.5129333333333334
MiniBatchKMeans
NMI: 0.48784773241701196
ARI: 0.3868811483208737
ACC: 0.5468166666666666